============================================================================== 
1. DESCRIPTIVOS NUMERICOS

                               n       nulos    media  mediana     moda      min         max       rango       Q1       Q3     IQR          var      std      CV%   sesgo  curtosis  fuera_Tukey%
dias_para_denunciar 242,370.0000     22.0000  66.8487   2.0000   0.0000   0.0000 23,991.0000 23,991.0000   0.0000  11.0000 11.0000 206,011.1453 453.8845 678.9731 20.4485  623.9841       17.1783
hora_inicio         242,392.0000      0.0000  14.6978  15.2333  13.5000   0.0000     23.9833     23.9833  11.7500  19.2833  7.5333      35.6650   5.9720  40.6320 -0.7454    0.0234        1.6997
latitud             228,245.0000 14,147.0000  19.3829  19.3859  19.4051  19.1264     19.5794      0.4530  19.3316  19.4356  0.1041       0.0053   0.0725   0.3742 -0.2067   -0.2704        0.0973
longitud            228,245.0000 14,147.0000 -99.1366 -99.1409 -99.0942 -99.3413    -98.9477      0.3936 -99.1755 -99.0968  0.0787       0.0039   0.0625  -0.0631  0.0638    0.0673        1.1737

============================================================================== 
2. DESCRIPTIVOS CATEGORICOS

                           n  nulos unicos                         moda  f_moda   %moda    %top5 entropia_norm
categoria_delito      242392      0     16       DELITO DE BAJO IMPACTO  211579 87.2879  96.9681        0.2303
delito                242392      0    286           VIOLENCIA FAMILIAR   37838 15.6103  42.4948        0.6794
competencia           242392      0      3                  FUERO COMUN  234476 96.7342 100.0000        0.1503
fiscalia              242392      0     37  AGENCIA DE DENUNCIA DIGITAL   42167 17.3962  45.7915        0.8350
agencia               242392      0    133                        CEN-C   15316  6.3187  24.1006        0.8568
unidad_investigacion  241852    540    112                       UI-1SD  133116 55.0403  78.5443        0.4155
alcaldia              231661  10731     16                   Cuauhtemoc   33834 14.6050  53.8213        0.9335
colonia               228248  14144   1579                       Centro    6759  2.9613   7.9046        0.8881

============================================================================== 
3. DEPENDENCIAS FUNCIONALES Y ENTIDADES

======================================================================
DEPENDENCIAS FUNCIONALES
======================================================================
                 A                B  grupos  con_1  con_mas_de_1  max  %cumple
           colonia         alcaldia    1577   1351           226    6  85.6700
          alcaldia  municipio_hecho      16     16             0    1 100.0000
alcaldia + colonia  municipio_hecho    1855   1855             0    1 100.0000
            delito      competencia     286    162           124    2  56.6400
            delito categoria_delito     286    286             0    1 100.0000

======================================================================
CARDINALIDAD (cuantos hijos por padre)
======================================================================
           padre    hijo  n_padres  min  mediana  max
        alcaldia colonia        16   48  99.5000  251
categoria_delito  delito        16    1   3.0000  201
        fiscalia agencia        37    1   3.0000   16

======================================================================
VALORES DE competencia
======================================================================
competencia
FUERO COMUN           234476
HECHO NO DELICTIVO      5102
INCOMPETENCIA           2814

cuantas competencias distintas tiene un mismo delito (ejemplos):
delito                                                competencia  
ABORTO                                                FUERO COMUN       181
                                                      INCOMPETENCIA       5
ABUSO DE AUTORIDAD Y USO ILEGAL DE LA FUERZA PUBLICA  FUERO COMUN      1579
                                                      INCOMPETENCIA       3
ABUSO DE CONFIANZA                                    FUERO COMUN      4277
                                                      INCOMPETENCIA      28

======================================================================
LLAVE PRIMARIA DE LA CARPETA
======================================================================
filas totales           : 242,392
filas duplicadas exactas: 0
ts_inicio repetidos     : 1,209
columnas que parezcan folio/id: ['unidad_investigacion']

======================================================================
PARES REALES vs NOMBRES SUELTOS
======================================================================
agencia                nombres distintos:   133   pares ('fiscalia', 'agencia'):   152
unidad_investigacion   nombres distintos:   112   pares ('fiscalia', 'unidad_investigacion'):   265
colonia                nombres distintos: 1,579   pares ('alcaldia', 'colonia'): 1,855

============================================================================== 
4. NUMERO DE CLASES SEGUN CADA REGLA

                     sturges  raiz  freedman
dias_para_denunciar       19   493     67992
hora_inicio               19   493       100
latitud                   19   478       134
longitud                  19   478       153

============================================================================== 
5. TABLA DE FRECUENCIAS Y METRICAS AGRUPADAS (k de Sturges)


--- dias_para_denunciar   k = 19 ---
         li          ls           x          A      f      F     fr     Fr
     0.0000  1,262.6842    631.3421 1,262.6842 239792 239792 0.9894 0.9894
 1,262.6842  2,525.3684  1,894.0263 1,262.6842   1460 241252 0.0060 0.9954
 2,525.3684  3,788.0526  3,156.7105 1,262.6842    518 241770 0.0021 0.9975
 3,788.0526  5,050.7368  4,419.3947 1,262.6842    237 242007 0.0010 0.9985
 5,050.7368  6,313.4211  5,682.0789 1,262.6842     99 242106 0.0004 0.9989
 6,313.4211  7,576.1053  6,944.7632 1,262.6842     80 242186 0.0003 0.9992
 7,576.1053  8,838.7895  8,207.4474 1,262.6842     78 242264 0.0003 0.9996
 8,838.7895 10,101.4737  9,470.1316 1,262.6842     22 242286 0.0001 0.9997
10,101.4737 11,364.1579 10,732.8158 1,262.6842     18 242304 0.0001 0.9997
11,364.1579 12,626.8421 11,995.5000 1,262.6842     19 242323 0.0001 0.9998
12,626.8421 13,889.5263 13,258.1842 1,262.6842     10 242333 0.0000 0.9998
13,889.5263 15,152.2105 14,520.8684 1,262.6842      6 242339 0.0000 0.9999
15,152.2105 16,414.8947 15,783.5526 1,262.6842      2 242341 0.0000 0.9999
16,414.8947 17,677.5789 17,046.2368 1,262.6842      6 242347 0.0000 0.9999
17,677.5789 18,940.2632 18,308.9211 1,262.6842      4 242351 0.0000 0.9999
18,940.2632 20,202.9474 19,571.6053 1,262.6842     12 242363 0.0000 1.0000
20,202.9474 21,465.6316 20,834.2895 1,262.6842      4 242367 0.0000 1.0000
21,465.6316 22,728.3158 22,096.9737 1,262.6842      2 242369 0.0000 1.0000
22,728.3158 23,991.0000 23,359.6579 1,262.6842      1 242370 0.0000 1.0000

agrupadas vs exactas:
            agrupada       exacta      error%
media       660.3082      66.8487    887.7657
mediana     638.1297       2.0000 31,806.4827
moda        633.2700       0.0000         NaN
var     158,776.3720 206,011.1453     22.9283
std         398.4675     453.8845     12.2095
Q1          319.0648       0.0000         NaN
Q3          957.1945      11.0000  8,601.7680

--- hora_inicio   k = 19 ---
     li      ls       x      A     f      F     fr     Fr
 0.0000  1.2623  0.6311 1.2623 10532  10532 0.0435 0.0435
 1.2623  2.5246  1.8934 1.2623  7084  17616 0.0292 0.0727
 2.5246  3.7868  3.1557 1.2623  4578  22194 0.0189 0.0916
 3.7868  5.0491  4.4180 1.2623  2837  25031 0.0117 0.1033
 5.0491  6.3114  5.6803 1.2623  2153  27184 0.0089 0.1121
 6.3114  7.5737  6.9425 1.2623  3084  30268 0.0127 0.1249
 7.5737  8.8360  8.2048 1.2623  3144  33412 0.0130 0.1378
 8.8360 10.0982  9.4671 1.2623  5945  39357 0.0245 0.1624
10.0982 11.3605 10.7294 1.2623 15219  54576 0.0628 0.2252
11.3605 12.6228 11.9917 1.2623 20801  75377 0.0858 0.3110
12.6228 13.8851 13.2539 1.2623 22300  97677 0.0920 0.4030
13.8851 15.1474 14.5162 1.2623 22146 119823 0.0914 0.4943
15.1474 16.4096 15.7785 1.2623 18429 138252 0.0760 0.5704
16.4096 17.6719 17.0408 1.2623 18141 156393 0.0748 0.6452
17.6719 18.9342 18.3031 1.2623 20082 176475 0.0828 0.7281
18.9342 20.1965 19.5654 1.2623 18968 195443 0.0783 0.8063
20.1965 21.4588 20.8276 1.2623 18162 213605 0.0749 0.8812
21.4588 22.7211 22.0899 1.2623 15260 228865 0.0630 0.9442
22.7211 23.9833 23.3522 1.2623 13527 242392 0.0558 1.0000

agrupadas vs exactas:
         agrupada  exacta  error%
media     14.6967 14.6978  0.0072
mediana   15.2414 15.2333  0.0530
moda      13.7675 13.5000  1.9814
var       35.5255 35.6650  0.3910
std        5.9603  5.9720  0.1957
Q1        11.7260 11.7500  0.2046
Q3        19.2882 19.2833  0.0251

--- latitud   k = 19 ---
     li      ls       x      A     f      F     fr     Fr
19.1264 19.1502 19.1383 0.0238   109    109 0.0005 0.0005
19.1502 19.1741 19.1622 0.0238    83    192 0.0004 0.0008
19.1741 19.1979 19.1860 0.0238  1599   1791 0.0070 0.0078
19.1979 19.2218 19.2099 0.0238  2350   4141 0.0103 0.0181
19.2218 19.2456 19.2337 0.0238  3318   7459 0.0145 0.0327
19.2456 19.2695 19.2575 0.0238  6992  14451 0.0306 0.0633
19.2695 19.2933 19.2814 0.0238 11567  26018 0.0507 0.1140
19.2933 19.3171 19.3052 0.0238 18650  44668 0.0817 0.1957
19.3171 19.3410 19.3291 0.0238 20707  65375 0.0907 0.2864
19.3410 19.3648 19.3529 0.0238 24112  89487 0.1056 0.3921
19.3648 19.3887 19.3767 0.0238 27937 117424 0.1224 0.5145
19.3887 19.4125 19.4006 0.0238 25461 142885 0.1116 0.6260
19.4125 19.4364 19.4244 0.0238 29036 171921 0.1272 0.7532
19.4364 19.4602 19.4483 0.0238 23919 195840 0.1048 0.8580
19.4602 19.4840 19.4721 0.0238 15515 211355 0.0680 0.9260
19.4840 19.5079 19.4960 0.0238 11030 222385 0.0483 0.9743
19.5079 19.5317 19.5198 0.0238  2858 225243 0.0125 0.9868
19.5317 19.5556 19.5436 0.0238  1927 227170 0.0084 0.9953
19.5556 19.5794 19.5675 0.0238  1075 228245 0.0047 1.0000

agrupadas vs exactas:
         agrupada  exacta  error%
media     19.3828 19.3829  0.0006
mediana   19.3859 19.3859  0.0002
moda      19.4223 19.4051  0.0890
var        0.0053  0.0053  0.4088
std        0.0727  0.0725  0.2042
Q1        19.3314 19.3316  0.0009
Q3        19.4357 19.4356  0.0005

--- longitud   k = 19 ---
      li       ls        x      A     f      F     fr     Fr
-99.3413 -99.3206 -99.3310 0.0207   469    469 0.0021 0.0021
-99.3206 -99.2999 -99.3103 0.0207   759   1228 0.0033 0.0054
-99.2999 -99.2792 -99.2895 0.0207  2093   3321 0.0092 0.0146
-99.2792 -99.2585 -99.2688 0.0207  3109   6430 0.0136 0.0282
-99.2585 -99.2378 -99.2481 0.0207  5715  12145 0.0250 0.0532
-99.2378 -99.2170 -99.2274 0.0207  7781  19926 0.0341 0.0873
-99.2170 -99.1963 -99.2067 0.0207 14852  34778 0.0651 0.1524
-99.1963 -99.1756 -99.1860 0.0207 22118  56896 0.0969 0.2493
-99.1756 -99.1549 -99.1653 0.0207 31774  88670 0.1392 0.3885
-99.1549 -99.1342 -99.1445 0.0207 36487 125157 0.1599 0.5483
-99.1342 -99.1135 -99.1238 0.0207 28573 153730 0.1252 0.6735
-99.1135 -99.0927 -99.1031 0.0207 22166 175896 0.0971 0.7706
-99.0927 -99.0720 -99.0824 0.0207 16050 191946 0.0703 0.8410
-99.0720 -99.0513 -99.0617 0.0207 14302 206248 0.0627 0.9036
-99.0513 -99.0306 -99.0410 0.0207  8526 214774 0.0374 0.9410
-99.0306 -99.0099 -99.0202 0.0207  6226 221000 0.0273 0.9683
-99.0099 -98.9892 -98.9995 0.0207  6021 227021 0.0264 0.9946
-98.9892 -98.9685 -98.9788 0.0207   823 227844 0.0036 0.9982
-98.9685 -98.9477 -98.9581 0.0207   401 228245 0.0018 1.0000

agrupadas vs exactas:
         agrupada   exacta  error%
media    -99.1367 -99.1366  0.0001
mediana  -99.1404 -99.1409  0.0005
moda     -99.1472 -99.0942  0.0534
var        0.0039   0.0039  0.9319
std        0.0628   0.0625  0.4649
Q1       -99.1755 -99.1755  0.0000
Q3       -99.0972 -99.0968  0.0004

============================================================================== 
6. SENSIBILIDAD AL NUMERO DE CLASES

error% en dias_para_denunciar:
         media      mediana     std
k                                  
5   3,504.9923 120,053.7939 32.8550
10  1,724.7960  60,174.9329 18.7162
19    887.7657  31,806.4827 12.2095
30    550.1207  20,221.5077  7.9899
60    261.8837  10,181.6172  4.2130
120   124.1459   5,194.9776  2.2308 

error% en hora_inicio:
     media  mediana    std
k                         
5   0.0665   0.6982 2.9917
10  0.0261   0.7141 0.8031
19  0.0072   0.0530 0.1957
30  0.0092   0.0444 0.1588
60  0.0109   0.0600 0.0952
120 0.0118   0.0670 0.0736 

error% en latitud:
     media  mediana    std
k                         
5   0.0055   0.0088 6.8057
10  0.0019   0.0004 1.5398
19  0.0006   0.0002 0.2042
30  0.0005   0.0004 0.1150
60  0.0001   0.0003 0.0199
120 0.0001   0.0001 0.0145 

error% en longitud:
     media  mediana    std
k                         
5   0.0007   0.0027 6.5858
10  0.0000   0.0013 1.2205
19  0.0001   0.0005 0.4649
30  0.0000   0.0005 0.0802
60  0.0000   0.0001 0.0079
120 0.0000   0.0000 0.0049 

============================================================================== 
7. VARIACION A: CLASES DE AMPLITUD DESIGUAL (dias_para_denunciar)

      li          ls           x           A      f      F     fr     Fr
  0.0000      1.0000      0.5000      1.0000 118390 118390 0.4885 0.4885
  1.0000      3.0000      2.0000      2.0000  31949 150339 0.1318 0.6203
  3.0000      7.0000      5.0000      4.0000  22634 172973 0.0934 0.7137
  7.0000     15.0000     11.0000      8.0000  16001 188974 0.0660 0.7797
 15.0000     30.0000     22.5000     15.0000  13882 202856 0.0573 0.8370
 30.0000     90.0000     60.0000     60.0000  17137 219993 0.0707 0.9077
 90.0000    365.0000    227.5000    275.0000  14385 234378 0.0594 0.9670
365.0000 23,991.0000 12,178.0000 23,626.0000   7992 242370 0.0330 1.0000

agrupadas vs exactas:
              agrupada       exacta     error%
media         422.2965      66.8487   531.7201
mediana         1.1750       2.0000    41.2517
moda            0.5780       0.0000        NaN
var     4,715,273.1751 206,011.1453 2,188.8437
std         2,171.4680     453.8845   378.4186
Q1              0.5118       0.0000        NaN
Q3             11.4020      11.0000     3.6543

============================================================================== 
8. VARIACION B: ESCALA log10(1 + dias)

    li     ls      x      A     f      F     fr     Fr
0.0000 0.2305 0.1153 0.2305 73149  73149 0.3018 0.3018
0.2305 0.4611 0.3458 0.2305 45241 118390 0.1867 0.4885
0.4611 0.6916 0.5763 0.2305 31949 150339 0.1318 0.6203
0.6916 0.9221 0.8069 0.2305 22634 172973 0.0934 0.7137
0.9221 1.1526 1.0374 0.2305 12772 185745 0.0527 0.7664
1.1526 1.3832 1.2679 0.2305 11887 197632 0.0490 0.8154
1.3832 1.6137 1.4984 0.2305 10919 208551 0.0451 0.8605
1.6137 1.8442 1.7290 0.2305  7867 216418 0.0325 0.8929
1.8442 2.0748 1.9595 0.2305  6609 223027 0.0273 0.9202
2.0748 2.3053 2.1900 0.2305  5794 228821 0.0239 0.9441
2.3053 2.5358 2.4206 0.2305  4323 233144 0.0178 0.9619
2.5358 2.7664 2.6511 0.2305  4191 237335 0.0173 0.9792
2.7664 2.9969 2.8816 0.2305  1798 239133 0.0074 0.9866
2.9969 3.2274 3.1122 0.2305  1381 240514 0.0057 0.9923
3.2274 3.4579 3.3427 0.2305   887 241401 0.0037 0.9960
3.4579 3.6885 3.5732 0.2305   579 241980 0.0024 0.9984
3.6885 3.9190 3.8037 0.2305   256 242236 0.0011 0.9994
3.9190 4.1495 4.0343 0.2305    97 242333 0.0004 0.9998
4.1495 4.3801 4.2648 0.2305    37 242370 0.0002 1.0000

agrupadas vs exactas (k = 19):
         agrupada  exacta  error%
media      0.7521  0.6991  7.5827
mediana    0.4812  0.4771  0.8605
moda       0.1669  0.0000     NaN
var        0.5572  0.6107  8.7626
std        0.7464  0.7814  4.4817
Q1         0.1910  0.0000     NaN
Q3         1.0810  1.0792  0.1720

============================================================================== 
9. DESCRIPTIVOS POR GRUPO (dias_para_denunciar por categoria)

                                                              n    media  mediana        std        p90
categoria_delito                                                                                       
VIOLACIÓN                                                  2845 632.5434   7.0000 2,052.5088 1,677.2000
DELITO DE BAJO IMPACTO                                   211579  65.7905   2.0000   408.7089    89.0000
ROBO A PASAJERO A BORDO DEL METRO CON Y SIN VIOLENCIA      1362  13.1013   2.0000    99.5473    17.0000
ROBO A NEGOCIO CON VIOLENCIA                               1993  15.7311   1.0000   239.4903    15.0000
ROBO A PASAJERO A BORDO DE MICROBUS CON Y SIN VIOLENCIA     643  16.1649   1.0000   140.0402    15.0000
ROBO A REPARTIDOR CON Y SIN VIOLENCIA                       904  11.0420   1.0000    43.6785    20.0000
ROBO A CUENTAHABIENTE SALIENDO DEL CAJERO CON VIOLENCIA     207  28.2077   1.0000   257.1799    16.4000
ROBO A CASA HABITACIÓN CON VIOLENCIA                        289  15.1972   1.0000   167.3182     8.0000
ROBO A TRANSEUNTE EN VÍA PÚBLICA CON Y SIN VIOLENCIA       8855  14.7802   1.0000   275.7700     9.0000
ROBO A TRANSPORTISTA CON Y SIN VIOLENCIA                     48  21.8958   1.0000   120.0862     6.9000
ROBO DE VEHÍCULO CON Y SIN VIOLENCIA                       6662  16.1685   1.0000   183.2993    10.0000
ROBO A PASAJERO A BORDO DE TAXI CON VIOLENCIA               185   6.2054   1.0000    28.7223    12.6000
SECUESTRO                                                    20  21.3500   0.5000    81.3034     9.1000
HOMICIDIO DOLOSO                                            887  14.9243   0.0000   271.1574     1.0000
LESIONES DOLOSAS POR DISPARO DE ARMA DE FUEGO               811   2.4057   0.0000    22.7120     1.0000
HECHO NO DELICTIVO                                         5102  28.9355   0.0000   313.8006    12.0000
